000000000000000000000000000000000000010000000000000000000000000000000000000000000000000000000000000000000000000000000000000000000000000000000000000000
000000000000000000000000000000000000010000000000000000000000000000000000000000000000000000000000000000000000000000000000000000000000000000000000000000
001111111111111111111111111111111111111110111111111111100000000001111111111110000000000000000000000000000001111111111111111111111111111111111111000000
001111111111111111111111111111111111111110100000000000100000000001000000000010000000000000000000000000000001111111111111111111111111111111111111000000
001111111111111111111111111111111111111110100000000000100000000001000000000010000000000000000000000000000001111111111111111111111111111111111111000000
001111111110001110000011111111111111111110100000000000100000000001000000000010000000000000000000000000000001111111111111111111111111111111111111000000
001111111111011110000111111111111111111110100000000000100000000001000000000010000000000000000000000000000001111111111111111111111111111111111111000000
001111111111011000000111111111111111111110100000000000100000000001000000000010000000000000000000000000000001111101110110111111111110110111011111000000
001111111111011000003111111111111111111110100000000000100000000001000000000010000000000000000000000000000001111101100110011111111100110011011111000000
001111111111001000001111111111111111111110100000000000111101001111000000000010000000000000000000000000000001111101100000011111111100000011011111000000
001111111111011000111111111111111111111110100000000000000000000000000000000010000000000000000000000000000001111101100000011111111100000011011111000000
001111111111011110111111111111111111111110100000000000111100001111000000000010000000000000000000000000000001111100100000111111111110000010011111000000
001111111111001110000001111111100010000010100000000000100000000001000000000010000000000000000000000000000001111100111100111111111110011110011111000000
001110112110001000090000311110001001111010100000000000100000000001000000000010000000000000000000000000000001111100111100111111111110011110011111000000
001110000000001011100000000101111011111010100000000000100000000001000000000010000000000000000000000000000001111100111100111111111110011110011111000000
001111110111111011110001111101110011211010100000000000100000000001000000000010000000000000000000000000000001111100111100110000000110011110011111000000
001110030000000000000001111101110000000010100000000000100000000001000000000010000000000000000000000000000001111100111100000000000000011110011111000000
001000000000000000010000000000000010001110111111111111100000000001111111111110000000000000000000000000000001111100111100000000000000011110011111000000
001010001000111110010000000000010010001110000000000000000000000000000000000000000000000000000000000000000001111100111100000000000000011110011111000000
001010001011111111100000000100010011110010000000000000000000000000000000000000000000000000000000000000000001111100100000000000000000000010011111000000
001001010011111111100000001111000011110010000000000000000000000000000000000000000000000000000000000000000001111100100011111111111111100010011111000000
001010001011111111100000110100110012110010000000000000000000000000000000000000000000000000000000000000000001111101100211111111111111100011011111000000
001010001010000311110001001110010000000010000000000000001111111110000000000000000000000000000000000000000001111101111111111111111111111111011111000000
001010001011101111110001011111010100011010000000000000001111111110000000000000000000000000000000000000000001111101111111111111111111111111011111000000
001001010010000011110001011111010100011010000000000000001111111110000000000000000000000000000000000000000001111101111111111111111111111111011111000000
001100000111101111110001000110001000000010000000000000001111111110000000000000000000000000000000000000000001111101111111111111111111111111011111000000
001011011110000011110001000000001110111110000000000000001111111110000000000000000000000000000000000000000001111101111111111111111111111111011111000000
001000010011101112110001111011101000001110000000000000001111211110000000000000000000000000000000000000000001111101111110001111111000111111011111000000
001000000000000030000001111011100110011110000000000000000003000000000000000000000000000000000000000000000001111101100000001111111000000011011111000000
001000000000000000000001111011100110011110000000000000000000000000000000000000000000000000000000000000000001111100000000001112111000000000011111000000
001001111111111111110000000000000000001110000000000000000000000000000000000000000000000000000000000000000001111100000000000000000000000000011111000000
001001111111111111110000000000000000001110000000000000000000000000000000000000000000000000000000000000000001111100000000000000000000000000011111000000
001001111111111111110001111110111110011110000000000000000000000000000000000000000000000000000000000000000001111111111111111100011111111111111111000000
001001111111111111110001111110111110011110000000000000000000000000000000000000000000000000000000000000000001111111111111111100011111111111111111000000
001001111211111111110001111110111110001110000000000000000000000000000000000000000000000000000000000000000001111111111111111100011111111111111111000000
001001111011111112110001121110121110001110000000000000000000000000000000000000000000000000000000000000000001111111111111111100011111111111111111000000
001000000000000000300000000000000000011110000000000000000000000000000000000000000000000000000000000000000001111111111111111100011111111111111111000000
001011001100110011000000011001100110011110000000000000000000000000000000000000000000000000000000000000000000000000000000000300000000000000000000000000
001011111111111111110001111111111111111110000000000000000000000000000000000000000000000000000000000000000000000000000000000000000000000000000000000000
001000111111111111110001111111111111111110000000000000000000000000000000000000000000000000000000000000000000000000000000000000000000000000000000000000
001111111111111111110001111111111111111110000000000000000000000000000000000000000000000000000000000000000000000000000000000000000000000000000000000000
001111111111111111110001111111111111111110000000000000000000000000000000000000000000000000000000000000000000000000000000000000000000000000000000000000
001111111111111111110001111111111111111110000000000000000000000000000000000000000000000000000000000000000000000000000000000000000000000000000000000000
000000000000000000030000000000000000000000000000000000000000000000000000000000000000000000000000000000000000000000000000000000000000000000000000000000
000000000000000000000000000000000000000000000000000000000000000000000000000000000000000000000000000000000000000000000000000000000000000000000000000000
000000000000000000000000000000000000000000000000000000000000000000000000000000000000000000000000000000000000000000000000000000000000000000000000000000
000000000000000000000000000000000000000000000000000000000000000000000000000000000000000000000000000000000000000000000000000000000000000000000000000000
000000000000000000000000000000000000000000000000000000000000000000000000000000000000000000000000000000000000000000000000000000000000000000000000000000
000000000000000000000000000000000000000000000000000000000000000000000000000000000000000000000000000000000000000000000000000000000000000000000000000000
000000000000000000000000000000000000000000000000000000000000000000000000000000000000000000000000000000000000000000000000000000000000000000000000000000
000000000000000000000000000000000000000000000000000000000000000000000000000000000000000000000000000000000000000000000000000000000000000000000000000000
000000000000000000000000000000000000000000000000000000000000000000000005000000000000000000000000000000000000000000000000000000000000000000000000000000
000000000000000000000000000000000000000000000000000000000000000000000055000000000000000000000000000000000000000000000000000000000000000000000000000000
000000000000000000000000000000000000000000000000000000000000000005555555000000000000000000000000000000000000000000000000000000000000000000000000000000
000000000000000000000000000000000000000000000000000000000055555555555555550000000000000000000000000000000000000000000000000000000000000000000000000000
000000000000000000000000000000000000000000000000000000000555555555555555555555000000000000000000000000000000000000000000000000000000000000000000000000
000000000000000000000000000000000000000000000000000000000555555555555555555550000000000000000000000000000000000010000010000000000000000000000000000001
000000000000000000000000000000000000000000000000000000000555555555555555555555000000000000000000000000000001000111000111000000000111100000000000000001
000000000000000000000000000000000000000000000000000000005555555555555555555555500000000000000000000000000011100121000121000000001111111000000000000011
000000000000000000000000000000000000000000000000000000005555550355555555555555550000000000000000000000000012100000100000000110111111111111111110000011
000000000000000000000000000000000000000000000000000000055555550005555555555555555500000000000000000000000000000001110000001111111111111111111111000111
000000000000000000000000000000000000000000000000000000055555510000555555555555550000000000000000000000000001000001210010001111111111111111111111111111
000000000000000000000000000000000000000000000000000000555555510000555555555555550000000000000000000000000011100000000121000111111111111111111111111111
000000000000000000000000000000000000000000000000000000055555550005555555555555550000000000000000000000000012100000000121000111111111111111111111111111
001111110000000000000000000000000000000000000000000000055555550055555555555115555000000000000000000000000000000010000000000011111111111111111111111111
011000011111000000000000000000000000000000000000000000005555555555555555555115555000000000000000000000000000000111000000000011111111111111111111111111
010000000001111111111111000000000000000000000000000000005555555555555555551555555000000000000000000000000001000121000011111111111111111111111111111111
010011101000000001000001000000000000000000000000000000555555555555555555111555555000000000000000000000000011100000000011111111111111111111111111111111
011012100000000011111001000000000000000000000000000000555555555555555551115555550000000000000000000000000012100000001001111111111111111111111111111111
011113000000000011111101000000000000000000000000000000555555555555555551155555555000000000000000000000000000000010011101111111111111111111111111111111
001111110000000001111101000000000000000000000000000000055555555555555511555555550000000000000000000000000000000000012100111111111111111111111111111111
000100000000000000000111000000000000000000000000000000005555555555511111555555500000000000000000000000000000000000000000011111111111111111111111111111
000111111110010010000110000000000000000000000000000000000555555555511111555550000000000000000000000000000000000000111000011111111111111111111111111111
000111111111010010001100000000000000000000000000000000005555555555555555555550000000000000000000000000000000000000111000011111111111111111111111111111
000000000111110011111000000000000000000000000000000000005555555555555555555500000000000000000000000000000000000000111000000111111111111111111111111111
000000000011110011111000000000000000000000000000000000000555555555555555500000000000000000000000000000000000000000000000000001111111111111111111111111
000000000000000000000000000000000000000000000000000000000000550005555000000000000000000000000000000000000000000000000000000000000000011111111111111111
000000000000000010000000000000000000000000000000000000000000000000000000000000000000000000000000011000000000000000000000000001111111111111111111111111
000000000000000000000000000000000000000000000000000000000000000000000000000000000000000000000000011100001111000000000000000001111111111111111111111111
000000000000000000000000000000000000000000000000000000000000000000000000000000000000000000000000001100001111000000000000000001111111111111111111100000
000000000000000000000000000000000000000000000000000000000000000000000000000000000000000000000000011110001111000000000000000001000000000000000000100000
111111111111111100000000000000000000000000000000000000000000000000000000000000000000000000000000011111100000000000000000000001000000000000000000100000
111111111111111100000000000000000000000000000000000000000000000000000000000000000000000000000000011111100000000000000000000001000000000011000000100000
100000000000000100000000000000000000000000000000000000000000000000000000000000000000000000000000001111111000000000000000000031000000000111100000100000
100000000000000100000000000000000000000000000000000000000000000000000000000000000000000000000000001111111100000000000000000000000000001111110000100000
100010001000000100000000000000000000000000010100000011111000000000000000000000000000000000000000000111111110000000000000000000000000001100110000100000
100010801000000100000000000000000000000111111101010111111110000000000000000000000000000000000000000011111111000000000000000001000000001000011000100000
111110001111111100000000000000000000001111111101010111111111100000000000000000000000000000000000000001111111100000000000000001000000000000001000100000
111110001111111100000000000001111110001111111101010111111111100000000000000000000000000000000000000000111111111000000000000001000000001000011000100000
001110001110000000000000001111111111011111111101010111111111110000000000000000000000000000000000000000011111111100000000000001000000001100110000100000
001111011110000000000000001111111111111111211201010112112111110000000000000000000000000000000000000000011111111111100000000001000000000111100000100000
001111011110000000000000001111111111110000000001010000000011111000000000000000000000000000000000000000001111111111111100000001000000000011000000100000
001111011110000000000000001111111111110111111111011111111011111000000000000000000000000000000000000000000111111111111111100001000000000000000000100000
001111011110000000000000011111111111110100111001010111001011111100000000000000000000000000000000000000000111111111111111111111111111111111111111111111
001100030110000000000011111111111111110100111001010111001011111100000000000000000000000000000000000000000011111111111111111111111111111111111111111111
000000000000000000000011111111111111110100111001010111001011111100000000000000000000000000000000000000000011111111111111111111111111111111111111111111
000000000000000000000011111111111111110100111001010111001011111100000000000000000000000000000000000000011111111111111111111111111111111111111111111111
000000000000000000000111111111111111110100121003000121001011111110000000000000000000000000000000000000011111111111111111111111111111111111111111111111
000000000000000000000111111111111111110100000000000000001011111111000000000000000000000000000000000000111111111111111111111111111111111111111111111111
000000000000000000000111111111111111110111111111111111111011111111000000000000000000000000000000000000111111111111111111111111111111111111111111111111
111111111111111111111111111111111111111111111111111111111111111111111111111111111111111111111111111111111111111111111111111111111111111111111111111111
